10 1000
1 1 85
1 8 56
1 3 35
1 3 97
1 4 54
3 4 8
3 4 1
3 3 4
1 4 88
3 3 4
1 1 24
3 1 3
1 9 57
3 9 1
1 6 98
1 7 55
3 7 6
1 5 99
1 2 24
3 2 7
3 5 9
3 2 5
1 1 18
3 1 2
1 8 78
3 8 1
1 6 30
3 8 6
1 3 75
3 3 8
1 6 81
1 5 82
3 6 3
3 6 5
1 5 68
1 9 59
1 7 28
1 10 36
1 7 37
1 5 3
1 5 2
3 10 6
2 7
1 4 69
3 9 4
3 10 9
3 10 7
1 2 85
1 3 82
1 1 13
1 7 93
3 5 3
1 1 30
3 2 1
3 7 2
3 5 7
3 10 5
1 6 46
1 9 32
3 6 9
3 10 6
1 2 40
1 8 72
1 5 76
1 9 52
3 9 2
2 8
1 6 28
3 9 5
2 6
3 9 10
2 9
1 3 0
3 9 3
1 10 50
1 3 3
3 9 3
3 9 10
1 9 83
1 9 93
1 4 57
1 3 47
3 3 4
3 3 9
1 8 25
1 8 19
1 10 8
1 9 88
1 9 45
3 9 8
3 9 10
1 6 79
3 9 6
3 9 3
1 2 44
1 4 36
1 1 11
3 2 9
1 8 87
1 7 65
1 9 79
2 4
1 2 48
1 8 68
1 2 36
1 1 98
3 8 1
3 9 7
1 5 69
2 5
1 3 47
3 9 8
1 7 65
1 4 67
2 4
3 7 9
1 10 79
1 3 21
3 3 2
2 7
3 7 10
1 7 43
1 7 81
1 3 71
1 4 42
3 4 3
1 2 97
1 5 89
2 5
1 4 71
3 7 4
1 6 64
1 2 84
3 2 6
1 7 90
3 7 2
1 3 77
3 7 3
1 8 63
1 10 94
1 5 88
1 6 38
2 6
3 7 10
3 5 7
1 10 50
1 3 65
3 10 3
1 5 90
1 10 39
1 5 67
1 2 58
1 1 74
1 4 6
1 1 72
3 2 5
1 1 81
2 8
1 10 9
1 9 94
3 4 2
1 1 37
3 10 9
3 10 1
1 8 44
3 8 10
1 2 69
2 2
3 4 8
1 6 57
1 2 92
3 2 6
1 9 53
1 1 1
1 9 28
1 6 38
3 9 6
1 4 89
1 1 67
1 10 72
3 2 9
1 1 53
1 9 21
3 2 1
1 4 74
1 4 74
3 4 9
1 9 66
3 2 9
3 10 4
2 10
1 9 75
3 2 9
1 4 14
1 3 47
3 10 3
1 5 61
3 2 5
1 1 27
3 4 10
1 3 61
3 1 2
1 8 62
3 4 1
1 9 95
1 1 15
3 8 1
1 4 95
1 1 88
1 1 65
1 10 16
3 9 10
1 1 62
1 5 21
1 5 29
3 9 1
1 10 92
3 10 9
3 8 5
1 1 9
2 10
1 8 74
1 1 83
3 10 1
1 1 61
1 4 30
3 10 8
2 3
1 2 26
1 10 50
1 7 51
3 1 7
3 1 4
3 2 1
3 10 2
1 1 31
1 6 83
1 6 8
3 6 10
1 3 13
3 1 6
3 1 3
1 7 55
1 7 19
1 5 88
3 1 7
3 1 5
1 6 60
1 1 13
1 4 19
3 6 1
1 7 81
1 7 59
1 1 35
1 3 86
1 6 93
2 4
3 1 3
1 2 78
3 1 6
1 6 38
1 3 11
1 2 88
1 3 71
1 8 55
3 8 7
3 8 6
2 2
1 3 92
3 2 1
1 5 3
1 6 96
1 6 33
2 5
1 6 33
1 8 44
3 8 3
3 2 6
1 3 8
3 8 2
1 10 88
2 8
1 1 69
1 4 92
1 4 93
1 3 38
2 3
1 5 66
3 10 1
1 4 57
1 1 40
2 3
1 3 77
3 1 3
3 5 1
3 8 4
1 9 80
1 10 55
1 5 21
3 9 8
1 8 57
2 9
3 5 9
1 6 46
3 8 6
1 2 20
3 2 8
3 2 5
1 5 99
1 5 76
2 10
1 10 5
1 5 97
1 9 100
2 9
3 5 10
1 9 75
2 9
1 6 62
1 5 7
1 10 96
1 6 34
1 10 59
1 10 18
3 2 5
1 10 41
3 10 2
1 9 90
1 8 21
3 6 10
3 6 9
1 8 83
1 3 14
3 6 8
1 8 60
3 3 6
1 4 82
3 4 8
1 2 75
1 7 21
2 2
3 3 7
1 1 54
3 1 4
1 6 56
1 6 85
1 2 37
1 1 68
1 7 61
1 3 80
3 1 2
1 5 44
3 3 7
1 6 16
1 2 10
2 5
1 10 67
1 4 54
3 10 2
1 7 53
1 10 99
1 5 67
1 10 0
3 6 10
1 5 92
2 4
1 7 78
3 3 1
1 5 95
1 9 29
1 1 24
1 6 44
1 9 21
1 6 82
2 3
1 4 98
1 6 71
1 9 28
1 4 36
2 7
3 6 7
3 6 9
1 7 85
1 10 67
1 2 81
1 9 41
3 1 7
1 5 24
1 8 91
1 8 63
2 1
3 6 5
2 10
1 1 96
1 6 45
1 10 50
1 10 53
1 7 37
3 1 4
3 9 2
3 6 10
3 7 9
1 5 52
1 8 80
2 3
1 1 77
1 6 1
3 1 3
3 6 8
3 1 6
1 7 55
1 6 78
1 1 16
3 7 1
3 7 6
1 10 73
3 5 7
3 5 10
1 1 8
1 7 76
1 1 14
2 7
3 1 5
1 2 57
3 1 2
1 1 97
1 3 69
1 10 25
1 8 50
3 1 3
1 9 46
1 4 72
3 10 8
2 9
1 2 85
1 6 69
1 6 66
1 5 84
3 10 2
1 2 67
2 6
1 3 73
1 5 1
1 9 50
1 5 40
3 10 1
3 9 2
1 6 89
2 5
1 5 56
3 6 3
3 6 9
3 6 4
1 10 80
3 6 5
3 10 6
1 5 14
1 10 6
1 5 2
1 5 99
1 7 86
2 10
1 2 93
1 5 61
3 5 7
1 5 76
1 7 90
2 10
3 2 5
3 7 2
3 7 10
2 7
1 9 63
1 1 3
1 5 97
1 8 97
1 6 85
3 6 1
3 7 5
1 10 57
3 6 7
3 6 10
3 6 8
3 6 9
1 5 9
3 5 6
1 3 97
1 10 35
3 10 5
1 6 78
3 3 10
1 9 20
1 6 93
3 3 6
1 1 93
1 7 94
3 3 9
2 1
3 3 7
2 3
1 2 19
1 8 99
1 8 9
3 3 8
2 2
1 5 9
1 8 1
1 1 3
1 5 6
1 10 64
1 8 60
1 6 36
2 10
3 6 5
1 2 37
1 4 82
3 2 8
1 7 34
1 4 82
3 7 1
1 6 74
1 9 34
3 2 3
1 3 11
1 6 76
3 6 7
3 9 2
1 9 62
1 8 52
1 3 0
1 8 91
3 4 3
1 1 48
1 6 48
3 8 6
3 8 4
3 1 9
3 1 8
1 7 23
1 6 15
1 9 11
3 7 9
3 7 1
1 1 56
1 5 66
1 7 84
3 1 6
3 7 1
1 7 36
3 7 5
1 10 2
1 9 84
3 7 9
1 7 90
3 10 7
1 8 96
3 10 8
1 2 1
2 2
1 2 97
1 5 86
3 5 2
1 4 42
3 4 5
3 4 10
1 8 4
3 8 4
1 9 39
1 3 1
3 9 3
1 5 72
1 9 62
1 10 38
3 5 8
1 9 93
3 10 9
1 10 37
1 8 92
1 4 26
3 10 8
3 4 10
1 9 8
1 10 37
3 10 4
1 7 81
2 7
3 9 10
1 7 14
2 5
1 6 46
3 9 5
1 7 20
1 1 97
1 10 60
1 10 64
3 1 7
3 10 6
3 9 1
1 10 27
1 4 9
1 2 30
3 2 10
1 3 88
3 3 4
1 7 94
2 3
1 3 42
3 2 7
1 10 30
1 1 9
1 3 62
3 2 3
1 8 7
1 1 54
3 1 9
1 1 13
1 5 64
1 10 20
1 6 62
3 1 8
3 10 5
3 1 6
3 1 2
3 10 1
1 8 76
3 10 8
1 4 49
1 6 16
1 8 37
1 7 9
1 9 11
1 5 46
2 6
3 5 7
1 1 39
3 10 9
1 1 13
3 1 4
1 1 43
2 1
1 1 42
3 1 5
3 8 10
1 1 81
1 9 34
1 9 12
1 5 100
1 5 70
1 3 74
1 8 87
1 10 37
3 10 8
1 9 64
3 5 3
1 7 33
3 5 1
3 5 10
1 2 100
1 6 62
3 2 5
1 8 50
1 10 69
1 3 41
3 10 2
3 3 7
1 4 90
3 8 10
1 8 73
2 9
3 4 3
1 2 10
3 2 9
1 2 88
1 6 54
1 2 50
1 7 71
1 2 45
1 6 79
1 10 10
1 2 87
1 7 82
3 2 4
3 6 10
3 8 6
1 7 6
1 10 14
2 8
1 2 37
3 7 10
1 1 89
1 7 71
1 2 92
1 2 31
3 7 8
3 7 1
2 7
1 7 92
1 7 83
1 9 64
1 1 63
2 9
1 1 8
3 1 2
1 2 45
2 1
3 1 7
1 2 39
1 4 78
1 1 43
1 6 17
1 4 13
3 1 4
1 5 4
3 6 2
1 10 40
1 1 5
1 8 78
3 8 1
3 10 5
1 5 82
3 10 8
1 7 28
3 7 10
3 5 7
3 5 6
1 8 58
2 8
1 2 16
1 10 27
1 9 72
3 10 9
1 4 89
1 8 94
1 8 71
1 4 4
3 5 4
3 8 10
2 8
1 8 69
3 5 2
1 5 60
3 5 8
1 1 43
2 5
1 7 55
1 2 100
1 1 25
1 8 24
3 5 2
3 5 1
3 8 5
3 8 7
2 8
1 8 46
1 6 63
1 10 47
1 5 29
1 6 9
3 5 6
1 8 69
1 3 84
3 5 8
3 3 5
1 9 89
1 8 67
1 5 82
3 8 5
1 6 12
1 5 65
2 3
1 3 85
1 1 98
3 8 5
2 1
3 9 3
2 8
3 10 8
1 10 99
3 9 10
3 6 9
1 9 1
3 6 9
1 3 97
1 3 81
1 2 16
3 2 3
3 6 2
1 10 49
1 9 11
1 2 21
1 2 56
1 9 90
3 9 10
1 3 27
2 9
1 9 64
1 4 99
1 3 56
1 10 100
1 4 52
1 9 46
3 10 4
2 2
3 10 3
1 1 1
1 10 55
1 4 5
1 10 23
3 10 9
2 6
3 2 10
3 4 6
1 8 95
3 2 4
2 2
1 4 80
1 1 35
1 9 18
3 9 8
1 7 79
3 4 2
1 1 37
3 4 9
3 1 4
1 8 75
1 3 92
1 9 9
1 5 92
3 7 8
1 1 17
2 5
1 8 51
1 9 85
1 2 9
1 1 39
3 3 2
1 8 87
1 7 50
2 1
2 8
1 4 99
1 6 51
3 6 1
1 2 0
3 4 6
1 7 81
1 3 26
2 7
1 3 48
2 4
3 7 2
3 7 3
1 3 75
2 3
3 8 7
3 9 4
3 8 9
1 3 30
3 3 8
1 9 67
3 3 9
1 5 1
1 3 24
3 5 3
1 8 15
3 8 5
1 6 64
1 5 20
1 5 84
3 8 5
1 9 1
2 6
1 8 78
1 9 62
1 4 14
1 5 90
3 9 5
3 8 9
2 4
1 1 37
1 4 98
3 4 1
1 6 41
3 6 4
2 8
1 2 79
1 9 40
2 6
1 6 58
1 9 43
3 2 8
1 7 11
1 2 72
3 9 2
2 9
1 1 61
3 1 9
1 8 92
1 1 93
3 6 1
1 6 94
1 4 84
3 4 7
1 4 35
2 4
3 4 6
1 5 17
1 3 64
3 8 3
1 5 71
1 3 5
3 5 3
3 5 8
3 5 4
2 5
1 9 72
1 9 3
1 2 6
3 9 5
1 5 15
3 2 9
3 5 2
2 5
1 1 56
3 5 1
1 1 16
1 2 90
1 7 52
1 3 97
1 4 49
2 3
1 2 96
3 1 2
3 7 4
1 4 52
1 5 97
1 3 20
1 1 82
3 7 3
3 5 1
1 1 20
1 6 60
2 7
3 4 5
3 6 7
1 3 22
1 9 2
3 1 9
3 4 1
3 4 6
1 10 84
3 3 10
3 3 4
1 8 85
1 3 95
3 8 3
1 4 71
1 3 49
1 10 25
1 6 34
2 6
3 3 4
1 5 56
1 4 69
3 5 8
3 4 3
2 10
1 4 74
1 6 76
1 3 23
1 9 65
1 7 67
3 6 7
3 4 9
3 5 6
3 4 3
1 3 65
1 10 56
1 3 33
3 5 10
1 1 59
3 4 1
3 5 3
3 4 5
1 5 73
3 4 5
1 8 38
2 4
2 8
1 7 4
1 3 62
3 7 4
3 3 7
1 9 51
2 3
1 6 18
1 6 31
3 3 9
3 3 6
1 5 62
